Grid: [[1, 1, 0, 0], [1, 0, 1, 0], [0, -1, -1, 0], [1, 0, 0, 1]]
Determinant: 49
Grid: [[1, 1, 0, 0], [1, 0, 1, 0], [0, -1, -1, 0], [1, 0, 0, 1]]
Determinant: 49
Matrix:
[[1.0, 0.0, 6.0, 6.0], [0.0, 1.0, 6.0, 6.0], [0.0, 0.0, 7.0, 6.0], [0.0, 0.0, 0.0, 7.0]]
Center: [1, -2, 0, 3]
Distance: 1.080123
--------------------------------------------------
Grid: [[0.169, -0.172, -0.368, -1.153], [0.174, -0.051, 0.565, -0.315], [0.221, -0.494, -0.118, 0.266], [0.605, 0.545, -0.447, 0.049]]
Determinant: 49
Matrix:
[[1.0, 0.0, 0.0, 48.0], [0.0, 1.0, 0.0, 48.0], [0.0, 0.0, 1.0, 48.0], [0.0, 0.0, 0.0, 49.0]]
Center: [1, -2, -1, -2]
Distance: 1.191726
--------------------------------------------------
Grid: [[0.028, 0.378, 0.153, 0.597], [0.04, 0.342, 0.085, -0.56], [0.483, -0.104, -0.494, -0.191], [0.489, -0.274, 0.341, -0.406]]
Determinant: 49
Matrix:
[[1.0, 0.0, 0.0, 48.0], [0.0, 1.0, 0.0, 48.0], [0.0, 0.0, 1.0, 48.0], [0.0, 0.0, 0.0, 49.0]]
Center: [-1, 2, -1, 2]
Distance: 1.966213
--------------------------------------------------
Grid: [[0.105, 0.296, 0.14, -0.205], [0.127, -0.064, 0.362, -0.043], [0.186, -0.25, 0.011, -0.047], [0.325, 0.07, 0.1, 0.128]]
Determinant: 49
Matrix:
[[1.0, 0.0, 0.0, 48.0], [0.0, 1.0, 0.0, 48.0], [0.0, 0.0, 1.0, 48.0], [0.0, 0.0, 0.0, 49.0]]
Center: [0, 0, -1, 0]
Distance: 1.091582
--------------------------------------------------
Grid: [[1, 1, 0, 0], [1, 0, 1, 0], [0, -1, -1, 0], [1, 0, 0, 1]]
Determinant: 49
Matrix:
[[1.0, 0.0, 6.0, 6.0], [0.0, 1.0, 6.0, 6.0], [0.0, 0.0, 7.0, 6.0], [0.0, 0.0, 0.0, 7.0]]
Center: [1, -2, 0, 3]
Distance: 1.080123
--------------------------------------------------
Grid: [[1, 1, 0, 0], [1, 0, 1, 0], [0, -1, -1, 0], [1, 0, 0, 1]]
Determinant: 49
Matrix:
[[1.0, 0.0, 6.0, 6.0], [0.0, 1.0, 6.0, 6.0], [0.0, 0.0, 7.0, 6.0], [0.0, 0.0, 0.0, 7.0]]
Center: [1, -2, 0, 3]
Distance: 1.080123
--------------------------------------------------
Grid: [[1.0, 1.0, 0.0, 0.0], [1.0, 0.0, 1.0, 0.0], [0.1499999999999999, -1.0, -1.0, 0.0], [1.0, 0.0, 0.0, 1.0]]
Determinant: 49
Matrix:
[[1.0, 0.0, 6.0, 6.0], [0.0, 1.0, 6.0, 6.0], [0.0, 0.0, 7.0, 6.0], [0.0, 0.0, 0.0, 7.0]]
Center: [-0.7000000000000006, -3.0, 0.0, -2.0]
Distance: 1.011956
--------------------------------------------------
Grid: [[1.0, 1.0, 0.0, 0.0], [1.0, 0.0, 1.0, 0.0], [0.1499999999999999, -1.0, -1.0, 0.0], [1.0, 0.0, 0.0, 1.0]]
Determinant: 49
Matrix:
[[1.0, 0.0, 6.0, 6.0], [0.0, 1.0, 6.0, 6.0], [0.0, 0.0, 7.0, 6.0], [0.0, 0.0, 0.0, 7.0]]
Center: [-0.7000000000000006, -3.0, 0.0, -2.0]
Distance: 1.011956
--------------------------------------------------
